[[[0.11  0.14 ]
  [0.277 0.355]
  [0.447 0.471]
  [0.589 0.643]
  [0.759 0.779]
  [0.82  0.835]
  [0.867 0.893]
  [0.895 0.904]
  [0.884 0.905]
  [0.86  0.865]
  [0.833 0.861]
  [0.767 0.814]
  [0.38  0.577]]

 [[0.162 0.127]
  [0.235 0.242]
  [0.349 0.326]
  [0.429 0.439]
  [0.586 0.575]
  [0.646 0.665]
  [0.699 0.735]
  [0.732 0.768]
  [0.722 0.768]
  [0.697 0.727]
  [0.643 0.714]
  [0.564 0.665]
  [0.252 0.393]]

 [[0.007 0.036]
  [0.029 0.071]
  [0.081 0.11 ]
  [0.124 0.184]
  [0.322 0.372]
  [0.412 0.451]
  [0.516 0.549]
  [0.512 0.578]
  [0.462 0.567]
  [0.377 0.491]
  [0.362 0.471]
  [0.311 0.414]
  [0.127 0.166]]

 [[0.01  0.101]
  [0.053 0.199]
  [0.14  0.234]
  [0.195 0.314]
  [0.368 0.485]
  [0.509 0.538]
  [0.581 0.592]
  [0.616 0.624]
  [0.61  0.609]
  [0.521 0.57 ]
  [0.501 0.53 ]
  [0.442 0.46 ]
  [0.206 0.27 ]]]
have all acc: (4, 13, 2)

Process finished with exit code 0
